OrderedDict([('layers.0.graph_conv.weight', tensor([[ 6.9241e-02, -1.9490e-02, -3.9000e-03,  ..., -2.2681e-02,
          3.7920e-02, -2.7903e-02],
        [-3.9145e-02, -1.2693e-02, -9.4293e-03,  ...,  7.1249e-02,
          2.4137e-02, -7.9516e-03],
        [ 9.8457e-08,  6.1225e-06, -1.6619e-02,  ..., -1.5170e-02,
         -4.0444e-03, -3.3096e-03],
        ...,
        [ 9.0058e-05, -7.4942e-06,  6.6997e-07,  ..., -9.8852e-03,
          7.4675e-03, -1.0615e-05],
        [ 5.0665e-06, -2.5904e-06, -1.6935e-02,  ...,  1.7130e-02,
          1.3811e-02,  8.1590e-06],
        [ 5.8604e-03,  7.9690e-03,  6.7878e-03,  ..., -5.3816e-07,
          2.4176e-06,  3.1015e-02]])), ('layers.0.graph_conv.bias', tensor([ 3.8036e-03, -6.4773e-03, -1.4725e-02, -3.4281e-03, -6.8634e-03,
        -1.3106e-02, -1.2246e-02,  7.9571e-03,  8.2552e-04, -1.2898e-02,
         2.5207e-03, -5.9331e-03, -2.7370e-03,  6.6265e-03, -4.0722e-03,
        -1.5155e-02,  4.0195e-03,  1.1067e-02,  2.8717e-04, -1.3040e-02,
         4.8516e-04, -4.7174e-03,  1.5867e-02, -3.2839e-03, -1.5460e-03,
         1.0357e-02,  2.9292e-03,  2.2385e-03,  1.6253e-03,  1.5774e-02,
        -3.2076e-03, -7.2375e-03, -1.1336e-03, -1.7953e-02,  9.4945e-03,
         9.2421e-03, -5.2902e-03,  2.2007e-03,  5.2698e-03, -1.6248e-03,
         1.0578e-02,  1.0752e-02,  1.1962e-03, -1.2814e-03, -4.9360e-03,
        -3.8604e-03,  9.6901e-03,  4.4429e-03, -4.7538e-05, -2.5933e-03,
         5.4200e-03,  8.4893e-03,  1.3967e-02,  1.2055e-02,  2.1390e-03,
         3.7154e-03, -3.5337e-03, -5.8495e-03,  1.8665e-04,  8.6918e-03,
        -6.4010e-03,  1.0970e-02, -4.2082e-04,  5.0691e-03, -6.6829e-04,
         3.9232e-03,  8.0974e-03,  1.3832e-02,  1.8422e-02, -2.7107e-02,
        -5.9361e-03,  2.0488e-04, -6.1464e-03,  6.5165e-03,  8.4196e-03,
        -3.1811e-03, -5.4224e-03, -3.8308e-03,  4.5952e-03,  6.2484e-03,
         1.0416e-02, -7.2184e-03, -1.1772e-02, -4.1830e-03,  1.9150e-02,
         3.3543e-03, -2.0342e-02,  2.5994e-03,  2.9780e-03, -1.0510e-02,
         2.3235e-02,  8.5765e-04, -2.2805e-03, -1.0212e-02,  5.2637e-03,
        -1.5874e-02, -1.5776e-02,  1.2313e-02,  7.8922e-03, -2.2574e-03,
        -1.4053e-03,  5.1643e-03,  1.1873e-02, -1.3078e-02,  1.1409e-02,
         8.4879e-03,  3.7942e-03, -4.1055e-03, -4.6268e-03, -1.4316e-03,
        -5.0421e-04, -3.0302e-03,  4.7923e-03, -4.2385e-03,  4.1986e-04,
        -8.9024e-03,  1.6627e-02, -2.8588e-03, -2.0380e-02,  8.7436e-03,
        -4.1353e-03,  2.0909e-02, -4.6122e-03,  3.6157e-03, -7.9171e-03,
         2.7125e-04, -1.1345e-02, -1.0100e-02, -7.1635e-03,  6.9481e-03,
        -5.9400e-03, -7.0701e-04, -7.8287e-03, -6.7195e-03,  1.0932e-02,
        -2.9586e-03,  7.9896e-03,  3.0363e-03, -3.1553e-03,  7.4792e-03,
        -1.1655e-02,  5.2511e-05, -8.8551e-03,  3.6598e-03, -2.7150e-03,
        -1.8479e-02, -7.6189e-03, -1.6632e-03,  7.4358e-03,  6.3104e-03,
        -1.6351e-02,  6.8721e-03, -1.7562e-02, -1.2839e-03,  1.0078e-02,
        -7.4053e-04,  5.3955e-03, -2.9489e-03, -1.4322e-02,  6.0379e-03,
         7.4729e-03, -3.5805e-03, -1.3023e-03, -2.2325e-03, -5.8904e-03,
         8.4702e-03,  1.4881e-02,  1.6787e-02, -7.5345e-03, -1.9858e-02,
        -6.4828e-03,  1.3859e-02, -4.2827e-03, -5.3770e-03,  1.4722e-04,
        -5.9407e-03, -5.4568e-03, -8.9322e-03,  7.6241e-03, -1.0339e-02,
         9.2983e-03,  5.1827e-03,  7.1109e-03,  5.0361e-03, -1.8188e-02,
         1.7339e-02, -4.3636e-03, -1.3925e-02,  3.5508e-03, -2.7435e-03,
        -3.7822e-03, -3.2372e-03,  3.3545e-03,  7.3791e-03, -1.7631e-02,
        -4.2224e-03, -5.7602e-03, -1.3544e-03,  3.6475e-03, -7.3469e-03])), ('layers.1.graph_conv.weight', tensor([[ 5.6151e-02,  5.1738e-02,  4.3785e-02,  ..., -1.1364e-01,
          5.2943e-02,  1.2385e-01],
        [-2.4780e-05, -6.2228e-04, -2.8833e-04,  ..., -4.0371e-02,
          4.5437e-05, -1.4943e-02],
        [-8.1365e-05, -1.2538e-02, -1.6214e-03,  ..., -2.3459e-03,
         -1.6327e-02,  1.8720e-02],
        ...,
        [ 3.4076e-02, -2.1874e-02,  5.9572e-02,  ...,  9.3480e-02,
         -2.2061e-02,  3.4458e-03],
        [-8.1151e-02,  7.6751e-02, -8.6044e-02,  ..., -1.4127e-02,
         -1.4209e-02, -1.5156e-02],
        [-1.8117e-06, -9.7335e-05,  2.0283e-03,  ..., -6.8578e-03,
         -1.4870e-03,  1.4391e-02]])), ('layers.1.graph_conv.bias', tensor([-0.0091,  0.0069, -0.0248,  0.0019,  0.0058,  0.0036, -0.0088,  0.0083,
         0.0052, -0.0040, -0.0070, -0.0039,  0.0139,  0.0064, -0.0176,  0.0170,
         0.0032, -0.0019,  0.0031,  0.0011,  0.0132, -0.0050, -0.0049,  0.0118,
         0.0036, -0.0312,  0.0021,  0.0171, -0.0092,  0.0148, -0.0110, -0.0013,
         0.0149, -0.0073, -0.0113, -0.0004,  0.0037,  0.0124, -0.0074, -0.0275,
         0.0134,  0.0064,  0.0004, -0.0105, -0.0004,  0.0124, -0.0033, -0.0088,
         0.0081,  0.0005,  0.0042, -0.0009,  0.0071, -0.0125, -0.0115, -0.0021,
         0.0093, -0.0164,  0.0041,  0.0118, -0.0070,  0.0007,  0.0098, -0.0023,
         0.0145,  0.0068,  0.0100, -0.0023, -0.0164,  0.0040,  0.0134,  0.0106,
        -0.0016, -0.0144, -0.0097, -0.0210, -0.0017, -0.0028, -0.0048, -0.0021,
        -0.0266, -0.0150,  0.0085, -0.0034, -0.0157,  0.0164, -0.0100, -0.0279,
         0.0143, -0.0173, -0.0121,  0.0088, -0.0209,  0.0129,  0.0003,  0.0079,
        -0.0066, -0.0113, -0.0132, -0.0188, -0.0010, -0.0048, -0.0022, -0.0053,
         0.0042, -0.0071, -0.0010, -0.0228, -0.0163,  0.0149, -0.0178, -0.0183,
        -0.0104, -0.0129,  0.0026,  0.0041, -0.0067,  0.0060,  0.0095,  0.0024,
        -0.0134, -0.0074,  0.0022, -0.0091, -0.0191,  0.0064,  0.0094, -0.0058,
         0.0167,  0.0167, -0.0042, -0.0145, -0.0067,  0.0012,  0.0046, -0.0033,
        -0.0115,  0.0073,  0.0028, -0.0101,  0.0087, -0.0004,  0.0052, -0.0080,
         0.0123, -0.0182,  0.0090, -0.0157, -0.0059, -0.0032, -0.0049,  0.0094,
         0.0050,  0.0155, -0.0082,  0.0156, -0.0020, -0.0039, -0.0054, -0.0041,
        -0.0081,  0.0116, -0.0028, -0.0048,  0.0113, -0.0022,  0.0181, -0.0103,
         0.0005,  0.0131, -0.0154,  0.0140, -0.0205,  0.0115,  0.0045, -0.0062,
         0.0159, -0.0092,  0.0105, -0.0072, -0.0079,  0.0042,  0.0068, -0.0148,
        -0.0254, -0.0016,  0.0024,  0.0099,  0.0002,  0.0073, -0.0015, -0.0231,
        -0.0025,  0.0131, -0.0202, -0.0112,  0.0151, -0.0092, -0.0027,  0.0106])), ('pool1.graph_pool.gnn.lin_l.weight', tensor([[-0.0214, -0.0011,  0.0051, -0.0535, -0.0244, -0.0089,  0.0289,  0.0350,
         -0.0490,  0.0127,  0.0422,  0.0542, -0.0715, -0.0023,  0.0126, -0.0618,
          0.0224,  0.0411, -0.0034,  0.0529, -0.0573, -0.0509, -0.0707, -0.0787,
         -0.0417,  0.0039,  0.0057, -0.0899,  0.0317, -0.0660,  0.0146,  0.0161,
         -0.0727,  0.0151,  0.0604,  0.0067,  0.0483, -0.0627,  0.0159, -0.0107,
         -0.0578, -0.0558, -0.0158,  0.0466, -0.0072, -0.0633, -0.0025,  0.0068,
         -0.0622, -0.0405, -0.0670, -0.0417,  0.0285,  0.0098,  0.0263, -0.0032,
         -0.0541, -0.0667, -0.0691, -0.0859, -0.0298, -0.0516, -0.0785,  0.0042,
         -0.0623,  0.0147, -0.0072, -0.0477,  0.0155, -0.0557, -0.0618, -0.0341,
         -0.0327, -0.0543, -0.0287,  0.0458,  0.0100,  0.0421,  0.0099, -0.0557,
          0.0298,  0.0293, -0.0300,  0.0087,  0.0034, -0.0579,  0.0012,  0.0306,
         -0.0477,  0.0199, -0.0184, -0.0667,  0.0079, -0.0668,  0.0099, -0.0282,
          0.0046, -0.0122,  0.0145,  0.0112, -0.0692,  0.0037, -0.0551,  0.0545,
         -0.0634,  0.0268,  0.0110,  0.0381,  0.0463, -0.0624, -0.0118,  0.0210,
         -0.0642, -0.0104,  0.0014,  0.0544, -0.0564,  0.0221, -0.0301, -0.0196,
          0.0357,  0.0262, -0.0300,  0.0561,  0.0265,  0.0519, -0.0657, -0.0162,
         -0.0194, -0.0559, -0.0039, -0.0546,  0.0581,  0.0074, -0.0086, -0.0396,
          0.0268,  0.0523,  0.0521, -0.0666, -0.0154, -0.0025, -0.0902,  0.0115,
         -0.0682,  0.0532, -0.0342,  0.0217,  0.0151,  0.0026,  0.0543, -0.0441,
         -0.0043, -0.0370, -0.0461, -0.0585, -0.0683,  0.0580, -0.0709,  0.0594,
          0.0394, -0.0224, -0.0254, -0.0555, -0.0189,  0.0143, -0.0507, -0.0553,
         -0.0262,  0.0005,  0.0186, -0.0400, -0.0144, -0.0768,  0.0299, -0.0660,
         -0.0369,  0.0540, -0.0651,  0.0294, -0.0446,  0.0095,  0.0620,  0.0572,
          0.0448,  0.0092,  0.0136, -0.0321,  0.0203, -0.0660, -0.0158,  0.0248,
         -0.0702, -0.0520,  0.0123,  0.0299, -0.0784, -0.0470, -0.0661, -0.0671]])), ('pool1.graph_pool.gnn.lin_l.bias', tensor([-0.0585])), ('pool1.graph_pool.gnn.lin_r.weight', tensor([[-0.0515,  0.0665, -0.0422, -0.0399, -0.0281, -0.0241,  0.0209,  0.0843,
          0.0453,  0.0314,  0.0096,  0.0417,  0.0546,  0.0679, -0.0630,  0.0813,
         -0.0038,  0.0679,  0.0444,  0.0288,  0.0710, -0.0544, -0.0364, -0.0642,
          0.0284,  0.0462,  0.0446,  0.0295, -0.0606,  0.0287,  0.0195,  0.0543,
          0.0675,  0.0394, -0.0107,  0.0447,  0.0855,  0.0677,  0.0059,  0.0076,
         -0.0273, -0.0240, -0.0364,  0.0054,  0.0542,  0.0432,  0.0338, -0.0007,
          0.0397,  0.0538,  0.0086,  0.0031, -0.0190, -0.0023, -0.0339,  0.0566,
          0.0183,  0.0051, -0.0496,  0.0401, -0.0024, -0.0537, -0.0029, -0.0563,
          0.0242,  0.0653,  0.0417,  0.0058, -0.0618,  0.0179,  0.0370,  0.0139,
         -0.0080, -0.0456, -0.0146, -0.0491,  0.0078,  0.0073, -0.0206,  0.0425,
         -0.0210, -0.0037,  0.0222,  0.0157, -0.0200,  0.0717, -0.0418,  0.0211,
          0.0665,  0.0656, -0.0571,  0.0389,  0.0011,  0.0287,  0.0414,  0.0670,
         -0.0323, -0.0287, -0.0662, -0.0048, -0.0514,  0.0514,  0.0223,  0.0669,
          0.0731,  0.0554,  0.0602, -0.0420, -0.0104,  0.0691, -0.0041,  0.0299,
         -0.0592,  0.0106,  0.0761,  0.0629, -0.0455, -0.0058,  0.0345,  0.0051,
          0.0539, -0.0121,  0.0536, -0.0354, -0.0515,  0.0675,  0.0129, -0.0331,
          0.0869,  0.0401, -0.0204, -0.0362, -0.0478,  0.0223,  0.0392, -0.0351,
         -0.0407,  0.0154,  0.0121, -0.0552,  0.0594, -0.0048,  0.0605, -0.0575,
          0.0684, -0.0535,  0.0222,  0.0632, -0.0219,  0.0620, -0.0385, -0.0212,
          0.0486,  0.0781,  0.0175,  0.0638, -0.0593,  0.0157, -0.0064,  0.0646,
          0.0038,  0.0439, -0.0388, -0.0170,  0.0101,  0.0436,  0.0715, -0.0443,
         -0.0115,  0.0351, -0.0421,  0.0652, -0.0567,  0.0561,  0.0714, -0.0334,
          0.0127, -0.0315,  0.0479, -0.0320, -0.0212,  0.0678,  0.0466, -0.0206,
         -0.0440,  0.0136,  0.0638,  0.0271,  0.0449,  0.0369,  0.0485, -0.0021,
         -0.0518,  0.0554, -0.0297,  0.0613, -0.0364, -0.0441, -0.0160,  0.0189]])), ('fc.weight', tensor([[-0.0370, -0.0111, -0.0147, -0.0204, -0.0274, -0.0577, -0.0250, -0.0692,
         -0.0153, -0.0299, -0.0011, -0.0702, -0.0366, -0.0163, -0.0387, -0.0015,
         -0.0275, -0.0155, -0.0064,  0.0161,  0.0205,  0.0255, -0.0533, -0.0524,
          0.0341,  0.0240, -0.0155, -0.0278,  0.0057, -0.0585, -0.0415, -0.0341,
         -0.0612,  0.0032,  0.0336, -0.0748, -0.0618,  0.0007, -0.0502, -0.0020,
          0.0134, -0.0779, -0.0141,  0.0250,  0.0033,  0.0257,  0.0266, -0.0214,
          0.0242,  0.0342, -0.0167,  0.0237, -0.0554,  0.0275, -0.0371,  0.0110,
         -0.0488,  0.0431, -0.0741,  0.0304, -0.0175, -0.0700, -0.0491, -0.0793,
         -0.0437, -0.0337, -0.0850, -0.0008,  0.0464, -0.0012, -0.0057, -0.0654,
         -0.0353,  0.0151,  0.0306, -0.0040, -0.0540,  0.0094, -0.0865,  0.0026,
          0.0060,  0.0069,  0.0283, -0.0453, -0.0630, -0.0444, -0.0611,  0.0437,
         -0.0116,  0.0074,  0.0575, -0.0444,  0.0183, -0.0794, -0.0467, -0.0181,
         -0.0604,  0.0450,  0.0473,  0.0017,  0.0280, -0.0651,  0.0258, -0.0243,
          0.0460,  0.0243, -0.0338,  0.0039, -0.0262, -0.0670,  0.0240,  0.0181,
         -0.0373,  0.0197, -0.0031, -0.0747, -0.0679, -0.0692,  0.0059, -0.0347,
          0.0162, -0.0646, -0.0394,  0.0410,  0.0143, -0.0442, -0.0147, -0.0192,
          0.0456, -0.0579, -0.0294,  0.0008,  0.0029, -0.0709, -0.0056, -0.0111,
          0.0286, -0.0809, -0.0612, -0.0542, -0.0221, -0.0623,  0.0031, -0.0819,
          0.0431,  0.0146, -0.0228,  0.0346, -0.0601, -0.0197,  0.0243, -0.0830,
         -0.0555, -0.0683,  0.0207, -0.0377, -0.0738,  0.0134,  0.0055, -0.0008,
         -0.0637,  0.0251, -0.0808, -0.0541, -0.0698,  0.0012,  0.0231,  0.0221,
          0.0068,  0.0063, -0.0369, -0.0712,  0.0446, -0.0401, -0.0317,  0.0311,
         -0.0637, -0.0577, -0.0195,  0.0525,  0.0103,  0.0088, -0.0541,  0.0387,
         -0.0293, -0.0159, -0.0292, -0.0754, -0.0326,  0.0078, -0.0454,  0.0135,
          0.0111,  0.0396, -0.0452, -0.0303, -0.0509, -0.0663, -0.0642,  0.0609],
        [-0.0006,  0.0448,  0.0762, -0.0389,  0.0318,  0.0547, -0.0063,  0.0581,
          0.0189,  0.0262,  0.0489, -0.0003,  0.0550,  0.0222, -0.0315, -0.0060,
          0.0145, -0.0332,  0.0411,  0.0918, -0.0304, -0.0405,  0.0358,  0.0034,
          0.0729, -0.0245,  0.0707, -0.0464,  0.0341,  0.0503, -0.0180,  0.0107,
          0.0012,  0.0068, -0.0276, -0.0088,  0.0184,  0.0525, -0.0011, -0.0073,
          0.0570,  0.0472,  0.0319, -0.0236,  0.0766,  0.0517, -0.0425,  0.0071,
          0.0345,  0.0241,  0.0113, -0.0069,  0.0669, -0.0571, -0.0203,  0.0346,
          0.0455,  0.0244,  0.0785,  0.0721,  0.0069,  0.0101,  0.0826, -0.0419,
          0.0750,  0.0529,  0.0204,  0.0057,  0.0444,  0.0130, -0.0305, -0.0079,
         -0.0366,  0.0354, -0.0293, -0.0320,  0.0209,  0.0495,  0.0756, -0.0135,
         -0.0239, -0.0129,  0.0005,  0.0061,  0.0036, -0.0445, -0.0526, -0.0494,
          0.0066,  0.0032,  0.0122, -0.0170, -0.0334,  0.0791, -0.0068, -0.0234,
          0.0329,  0.0556,  0.0507, -0.0051, -0.0199, -0.0043,  0.0121,  0.0456,
          0.0057,  0.0283,  0.0316,  0.0801, -0.0204,  0.0245, -0.0185,  0.0185,
         -0.0302,  0.0196, -0.0392,  0.0709, -0.0444,  0.0608,  0.0075, -0.0057,
          0.0167, -0.0437, -0.0295,  0.0670, -0.0210,  0.0356,  0.0104,  0.0574,
          0.0766,  0.0616,  0.0659, -0.0118,  0.0743,  0.0357, -0.0052, -0.0186,
          0.0631,  0.0407,  0.0345,  0.0616,  0.0647, -0.0261,  0.0191,  0.0018,
          0.0676, -0.0080,  0.0048, -0.0431, -0.0063, -0.0303,  0.0584,  0.0536,
         -0.0031, -0.0250,  0.0203, -0.0495,  0.0497,  0.0681, -0.0355,  0.0219,
         -0.0049,  0.0729, -0.0456, -0.0246,  0.0227,  0.0083,  0.0470,  0.0010,
          0.0790,  0.0780, -0.0203, -0.0256,  0.0269, -0.0088, -0.0439,  0.0421,
          0.0277, -0.0485,  0.0131,  0.0684,  0.0223,  0.0616,  0.0618, -0.0359,
         -0.0061,  0.0574,  0.0159, -0.0034,  0.0287, -0.0455, -0.0199, -0.0269,
         -0.0317,  0.0571, -0.0398, -0.0192, -0.0092,  0.0020, -0.0357,  0.0744]])), ('fc.bias', tensor([-0.0413,  0.0406]))])
